1704117267218 0 5
1704117267257 0 5
1704117414179 1 11
1704117414249 1 11
1704117565323 2 17
1704117565386 2 17
1704117722670 3 23
1704117722725 3 23
1704117891690 4 29
1704117891750 4 29
1704118060360 5 35
1704118060368 5 35
1704118227324 6 41
1704118227326 6 41
1704118392920 7 47
1704118392928 7 47
1704118563054 8 53
1704118563117 8 53
1704118727987 9 59
1704118728046 9 59
1704118898960 10 65
1704118898962 10 65
1704119050378 11 71
1704119050381 11 71
1704119215463 12 77
1704119215471 12 77
1704119378318 13 83
1704119378321 13 83
1704119536147 14 89
1704119536214 14 89
1704119711753 15 95
1704119711760 15 95
1704119885756 16 101
1704119885759 16 101
1704120060442 17 107
1704120060444 17 107
1704120233608 18 113
1704120233613 18 113
1704120393833 19 119
1704120393844 19 119
1704120553622 20 125
1704120553625 20 125
1704120710305 21 131
1704120710312 21 131
1704120871551 22 137
1704120871554 22 137
1704121040323 23 143
1704121040334 23 143
1704121208644 24 149
1704121208647 24 149
