1704117267257 0.08578260242938995 5
1704117414249 0.04648799076676369 11
1704117565386 0.027872009202837944 17
1704117722725 0.02735626883804798 23
1704117891750 0.013853790238499641 29
1704118060368 0.02671755850315094 35
1704118227326 0.018808571621775627 41
1704118392928 0.010288584046065807 47
1704118563117 0.007257367949932814 53
1704118728046 0.004704149439930916 59
1704118898962 0.0153107400983572 65
1704119050381 0.0125586474314332 71
1704119215471 0.009994917549192905 77
1704119378321 0.00654300581663847 83
1704119536214 0.00414920412003994 89
1704119711760 0.009445257484912872 95
1704119885759 0.009750351309776306 101
1704120060444 0.009580501355230808 107
1704120233613 0.007366088684648275 113
1704120393844 0.008467656560242176 119
1704120553625 0.021002870053052902 125
1704120710312 0.018529921770095825 131
1704120871554 0.014344149269163609 137
1704121040334 0.008517184294760227 143
1704121208647 0.007724769413471222 149
