1704036894375 0 5
1704036894413 0 5
1704037048450 1 11
1704037048494 1 11
1704037206984 2 17
1704037207029 2 17
1704037356364 3 23
1704037356411 3 23
1704037514518 4 29
1704037514565 4 29
1704037677631 5 35
1704037677671 5 35
1704037835430 6 41
1704037835469 6 41
1704037994572 7 47
1704037994611 7 47
1704038160243 8 53
1704038160285 8 53
1704038324290 9 59
1704038324329 9 59
1704038484380 10 65
1704038484418 10 65
1704038647411 11 71
1704038647449 11 71
1704038805992 12 77
1704038806029 12 77
1704038962050 13 83
1704038962090 13 83
1704039117680 14 89
1704039117718 14 89
1704039272514 15 95
1704039272554 15 95
1704039435148 16 101
1704039435188 16 101
1704039601273 17 107
1704039601310 17 107
1704039767076 18 113
1704039767115 18 113
1704039929264 19 119
1704039929309 19 119
1704040090436 20 125
1704040090480 20 125
1704040249806 21 131
1704040249850 21 131
1704040416078 22 137
1704040416117 22 137
1704040579934 23 143
1704040579980 23 143
1704040755278 24 149
1704040755329 24 149
1704040919146 25 155
1704040919186 25 155
1704041082907 26 161
1704041082953 26 161
1704041245693 27 167
1704041245737 27 167
1704041401935 28 173
1704041401976 28 173
1704041563351 29 179
1704041563394 29 179
1704041727326 30 185
1704041727368 30 185
1704041884937 31 191
1704041884978 31 191
1704042039788 32 197
1704042039829 32 197
1704042195683 33 203
1704042195726 33 203
1704042356323 34 209
1704042356371 34 209
