1704036894413 0.08578260242938995 5
1704037048494 0.04648799076676369 11
1704037207029 0.027871642261743546 17
1704037356411 0.027355466037988663 23
1704037514565 0.013848286122083664 29
1704037677671 0.026721004396677017 35
1704037835469 0.018967818468809128 41
1704037994611 0.012126083485782146 47
1704038160285 0.00836703460663557 53
1704038324329 0.004619883373379707 59
1704038484418 0.010516378097236156 65
1704038647449 0.011147867888212204 71
1704038806029 0.01370527409017086 77
1704038962090 0.008587799966335297 83
1704039117718 0.004462897311896086 89
1704039272554 0.010962090454995632 95
1704039435188 0.009677155874669552 101
1704039601310 0.007777092512696981 107
1704039767115 0.00471481354907155 113
1704039929309 0.0034202306997030973 119
1704040090480 0.008593585342168808 125
1704040249850 0.006931537762284279 131
1704040416117 0.00877922959625721 137
1704040579980 0.005399376153945923 143
1704040755329 0.003268108470365405 149
1704040919186 0.00680992566049099 155
1704041082953 0.005983405280858278 161
1704041245737 0.005322362761944532 167
1704041401976 0.010281740687787533 173
1704041563394 0.007781315129250288 179
1704041727368 0.017217032611370087 185
1704041884978 0.016519462689757347 191
1704042039829 0.022515494376420975 197
1704042195726 0.009160791523754597 203
1704042356371 0.0037012137472629547 209
