1704033398175 0 5
1704033398270 0 5
1704033566359 1 11
1704033566425 1 11
1704033735493 2 17
1704033735569 2 17
1704033907562 3 23
1704033907662 3 23
1704034076256 4 29
1704034076365 4 29
1704034243287 5 35
1704034243390 5 35
1704034415552 6 41
1704034415619 6 41
1704034587663 7 47
1704034587774 7 47
1704034758273 8 53
1704034758343 8 53
1704034926596 9 59
1704034926674 9 59
1704035092825 10 65
1704035092944 10 65
1704035267316 11 71
1704035267385 11 71
1704035434083 12 77
1704035434181 12 77
1704035599559 13 83
1704035599653 13 83
1704035760302 14 89
1704035760400 14 89
1704035924536 15 95
1704035924627 15 95
1704036084363 16 101
1704036084428 16 101
1704036248073 17 107
1704036248179 17 107
1704036413558 18 113
1704036413630 18 113
1704036576122 19 119
1704036576190 19 119
