1704033398270 0.6056413650512695 5
1704033566425 0.12861154973506927 11
1704033735569 0.07674174010753632 17
1704033907662 0.0470363050699234 23
1704034076365 0.03702118992805481 29
1704034243390 0.05864453688263893 35
1704034415619 0.035507261753082275 41
1704034587774 0.02659083716571331 47
1704034758343 0.020434321835637093 53
1704034926674 0.010536673478782177 59
1704035092944 0.021381568163633347 65
1704035267385 0.017858602106571198 71
1704035434181 0.012142817489802837 77
1704035599653 0.009319490753114223 83
1704035760400 0.009725515730679035 89
1704035924627 0.023523112758994102 95
1704036084428 0.014874877408146858 101
1704036248179 0.014970281161367893 107
1704036413630 0.012118508107960224 113
1704036576190 0.008219671435654163 119
