1704026715531 0 5
1704026715623 0 5
1704026881628 1 11
1704026881762 1 11
1704027045272 2 17
1704027045377 2 17
1704027204115 3 23
1704027204223 3 23
1704027363466 4 29
1704027363578 4 29
1704027520909 5 35
1704027521030 5 35
1704027676644 6 41
1704027676733 6 41
1704027850042 7 47
1704027850126 7 47
1704028030500 8 53
1704028030629 8 53
1704028216160 9 59
1704028216266 9 59
1704028398976 10 65
1704028399089 10 65
1704028581788 11 71
1704028581886 11 71
1704028766066 12 77
1704028766160 12 77
1704028946900 13 83
1704028947001 13 83
1704029123161 14 89
1704029123247 14 89
1704029297249 15 95
1704029297343 15 95
1704029475220 16 101
1704029475304 16 101
1704029660433 17 107
1704029660516 17 107
1704029843779 18 113
1704029843875 18 113
1704030020795 19 119
1704030020891 19 119
1704030196450 20 125
1704030196532 20 125
1704030381379 21 131
1704030381503 21 131
1704030564962 22 137
1704030565049 22 137
1704030747617 23 143
1704030747708 23 143
1704030933015 24 149
1704030933098 24 149
