1704026715623 0.7217462658882141 5
1704026881762 0.16830523312091827 11
1704027045377 0.09791059046983719 17
1704027204223 0.06728441268205643 23
1704027363578 0.04483938217163086 29
1704027521030 0.04912889376282692 35
1704027676733 0.04966051131486893 41
1704027850126 0.03895854204893112 47
1704028030629 0.023799190297722816 53
1704028216266 0.013901892118155956 59
1704028399089 0.023568708449602127 65
1704028581886 0.01691248267889023 71
1704028766160 0.014230730943381786 77
1704028947001 0.007672254927456379 83
1704029123247 0.00490378076210618 89
1704029297343 0.013238741084933281 95
1704029475304 0.01370885968208313 101
1704029660516 0.013064355589449406 107
1704029843875 0.006892066914588213 113
1704030020891 0.0074127730913460255 119
1704030196532 0.022666756063699722 125
1704030381503 0.021247360855340958 131
1704030565049 0.018544739112257957 137
1704030747708 0.011657647788524628 143
1704030933098 0.004955691285431385 149
